00 0.985227 0.987624 +0.002397
01 0.989108 0.990291 +0.001184
02 0.988810 0.989986 +0.001176
03 0.989580 0.990565 +0.000985
04 0.989962 0.990906 +0.000945
05 0.991520 0.992611 +0.001091
06 0.993539 0.994145 +0.000606
07 0.994623 0.995064 +0.000441
08 0.994410 0.994910 +0.000501
09 0.994887 0.995197 +0.000311
10 0.994874 0.995116 +0.000243
11 0.993526 0.993671 +0.000144
12 0.988504 0.990119 +0.001615
13 0.988959 0.990420 +0.001461
14 0.989242 0.990610 +0.001369
15 0.990434 0.991629 +0.001195
16 0.990658 0.991845 +0.001187
17 0.988967 0.990677 +0.001709
18 0.989046 0.990666 +0.001619
19 0.989818 0.991292 +0.001474
20 0.990935 0.992145 +0.001210
21 0.991185 0.992502 +0.001317
22 0.991392 0.992970 +0.001578
23 0.990085 0.992312 +0.002228
24 0.989943 0.993085 +0.003142
25 0.988852 0.992940 +0.004087
26 0.985023 0.991375 +0.006352
27 0.982161 0.989066 +0.006905
28 0.985608 0.990627 +0.005019
29 0.973404 0.982777 +0.009373
30 0.974889 0.983569 +0.008681
31 0.978374 0.985276 +0.006902
32 0.978185 0.984856 +0.006671
33 0.979771 0.986075 +0.006304
34 0.980136 0.986475 +0.006339
35 0.971764 0.981190 +0.009426
36 0.972010 0.981640 +0.009630
37 0.969653 0.980267 +0.010613
38 0.963380 0.976521 +0.013141
39 0.946678 0.965786 +0.019108
40 0.950914 0.967379 +0.016464
41 0.934828 0.958083 +0.023255
42 0.939765 0.961551 +0.021786
43 0.942107 0.962465 +0.020358
44 0.946926 0.965275 +0.018350
45 0.948622 0.965986 +0.017364
46 0.950133 0.967053 +0.016920
47 0.942282 0.962987 +0.020705
48 0.954216 0.970660 +0.016444
49 0.945004 0.964846 +0.019842
50 0.944350 0.964542 +0.020192
51 0.926769 0.952973 +0.026204
52 0.850668 0.901541 +0.050873
53 0.879973 0.917288 +0.037314
54 0.889976 0.923349 +0.033373
55 0.885610 0.918469 +0.032858
56 0.835906 0.876031 +0.040125
57 0.688089 0.746652 +0.058563
58 0.573735 0.653763 +0.080028
59 0.680384 0.745574 +0.065190
